solver_type MCSVM_CS
nr_class 2
label 0 1
nr_feature 89
bias -1
w
0.1153759991700089 -0.1153759991700089 
0.1153759991700089 -0.1153759991700089 
0.1153759991700089 -0.1153759991700089 
0.1153759991700089 -0.1153759991700089 
0.1153759991700089 -0.1153759991700089 
0.01884394825576877 -0.0188439482557688 
0.1153759991700089 -0.1153759991700089 
0.1153759991700089 -0.1153759991700089 
0.1153759991700089 -0.1153759991700089 
0.1153759991700089 -0.1153759991700089 
0.1153759991700089 -0.1153759991700089 
0.1153759991700089 -0.1153759991700089 
0.1153759991700089 -0.1153759991700089 
0.1153759991700089 -0.1153759991700089 
0.1153759991700089 -0.1153759991700089 
0.1153759991700089 -0.1153759991700089 
0.01884394825576877 -0.0188439482557688 
0.1153759991700089 -0.1153759991700089 
0.1153759991700089 -0.1153759991700089 
0.1153759991700089 -0.1153759991700089 
0.1153759991700089 -0.1153759991700089 
0.1153759991700089 -0.1153759991700089 
0.1188320116598267 -0.1188320116598267 
0.1188320116598267 -0.1188320116598267 
0.1188320116598267 -0.1188320116598267 
0.1188320116598267 -0.1188320116598267 
0.1188320116598267 -0.1188320116598267 
0.1188320116598267 -0.1188320116598267 
0.1188320116598267 -0.1188320116598267 
0.1188320116598267 -0.1188320116598267 
0.1188320116598267 -0.1188320116598267 
0.1188320116598267 -0.1188320116598267 
0.1188320116598267 -0.1188320116598267 
0.1188320116598267 -0.1188320116598267 
0.1188320116598267 -0.1188320116598267 
0.1188320116598267 -0.1188320116598267 
0.1188320116598267 -0.1188320116598267 
0.1188320116598267 -0.1188320116598267 
0.1188320116598267 -0.1188320116598267 
0.1188320116598267 -0.1188320116598267 
0.1188320116598267 -0.1188320116598267 
-0.1125122143123794 0.1125122143123794 
-0.1125122143123794 0.1125122143123794 
-0.1125122143123794 0.1125122143123794 
-0.1125122143123794 0.1125122143123794 
-0.1125122143123794 0.1125122143123794 
-0.1125122143123794 0.1125122143123794 
-0.1125122143123794 0.1125122143123794 
-0.1125122143123794 0.1125122143123794 
-0.1125122143123794 0.1125122143123794 
-0.1125122143123794 0.1125122143123794 
-0.1125122143123794 0.1125122143123794 
-0.1125122143123794 0.1125122143123794 
-0.1125122143123794 0.1125122143123794 
-0.1125122143123794 0.1125122143123794 
-0.1125122143123794 0.1125122143123794 
-0.1125122143123794 0.1125122143123794 
-0.1125122143123794 0.1125122143123794 
-0.1125122143123794 0.1125122143123794 
-0.1125122143123794 0.1125122143123794 
-0.1125122143123794 0.1125122143123794 
-0.1125122143123794 0.1125122143123794 
-0.1125122143123794 0.1125122143123794 
-0.1028518482616874 0.1028518482616874 
-0.1028518482616874 0.1028518482616874 
-0.1028518482616874 0.1028518482616874 
-0.1028518482616874 0.1028518482616874 
-0.1028518482616874 0.1028518482616874 
-0.1028518482616874 0.1028518482616874 
-0.1028518482616874 0.1028518482616874 
-0.1028518482616874 0.1028518482616874 
-0.1028518482616874 0.1028518482616874 
-0.1028518482616874 0.1028518482616874 
-0.1028518482616874 0.1028518482616874 
-0.1028518482616874 0.1028518482616874 
-0.1028518482616874 0.1028518482616874 
-0.1028518482616874 0.1028518482616874 
-0.1028518482616874 0.1028518482616874 
-0.1028518482616874 0.1028518482616874 
-0.1028518482616874 0.1028518482616874 
-0.1028518482616874 0.1028518482616874 
-0.1028518482616874 0.1028518482616874 
-0.1028518482616874 0.1028518482616874 
-0.1028518482616874 0.1028518482616874 
-0.1028518482616874 0.1028518482616874 
-0.1028518482616874 0.1028518482616874 
-0.1028518482616874 0.1028518482616874 
-0.1028518482616874 0.1028518482616874 
-0.1028518482616874 0.1028518482616874 
